;precos;area;garagem;banheiros;lareira;marmore;andares
0;51875;25;3;4;3;0;1
1;17875;35;1;3;1;0;0
2;47075;195;2;4;2;0;0
3;38575;33;2;2;1;0;1
4;33775;11;2;3;0;0;1
5;35450;148;2;5;2;0;0
6;52025;211;2;3;2;1;0
7;37550;172;2;2;3;1;0
8;31500;62;1;4;2;0;0
9;37650;218;3;1;0;1;0
10;57075;215;3;5;2;1;1
11;38750;220;2;2;4;0;1
12;29950;58;1;1;0;1;0
13;30750;42;1;4;0;1;0
14;45750;182;1;5;3;1;0
15;52875;57;2;2;4;1;0
16;41850;136;2;1;0;0;0
17;36150;186;1;3;4;1;0
18;60850;206;3;5;3;0;1
19;60225;171;1;2;4;0;1
20;56600;186;1;2;2;1;1
21;51175;229;1;3;1;1;0
22;42175;87;1;3;0;0;1
23;53825;135;3;1;4;1;1
24;23725;101;1;1;3;0;0
25;33275;173;1;4;2;0;0
26;61700;10;2;3;0;1;1
27;24700;248;3;2;1;0;0
28;54200;218;3;5;4;0;1
29;56550;84;1;4;4;1;1
30;57775;233;3;5;4;1;1
31;34225;41;1;3;2;1;0
32;39925;107;2;1;2;0;1
33;70025;123;1;4;3;1;1
34;49225;79;2;5;1;1;0
35;30175;77;3;1;2;0;0
36;60975;171;2;5;4;0;1
37;55225;221;2;2;0;0;1
38;60375;57;2;1;2;1;1
39;65500;150;3;5;1;1;1
40;45475;29;1;5;3;0;1
41;30400;146;3;4;1;0;0
42;43475;109;1;2;4;1;0
43;49425;17;3;5;1;1;0
44;35425;37;2;2;1;0;1
45;34575;213;1;2;3;0;1
46;27575;193;3;4;2;0;0
47;29475;21;1;4;2;0;0
48;53600;84;3;3;2;1;1
49;18150;158;1;2;0;0;0
50;46850;184;2;5;2;0;1
51;17975;169;1;4;2;0;0
52;41450;20;2;4;3;0;0
53;42200;60;1;4;2;0;0
54;36250;70;3;2;4;0;1
55;13300;132;2;2;0;0;0
56;32100;56;3;1;1;0;0
57;29275;141;3;2;1;0;0
58;48225;211;1;1;4;0;1
59;49800;214;3;3;0;0;1
60;43275;221;3;3;0;0;1
61;37325;233;2;3;3;0;0
62;32725;71;1;5;0;1;0
63;25000;220;1;4;3;0;0
64;61475;231;1;5;3;0;1
65;43700;110;3;3;2;1;0
66;31950;40;1;5;3;0;0
67;42800;122;2;3;2;0;1
68;36850;24;2;5;3;0;1
69;20975;211;1;3;0;0;0
70;45325;115;3;1;4;0;1
71;31350;224;3;4;4;0;0
72;43850;136;3;5;3;0;1
73;34125;45;1;2;1;0;0
74;13400;36;2;3;0;0;0
75;33625;157;1;4;3;0;0
76;56100;126;1;3;3;0;1
77;55425;49;3;5;4;0;1
78;40825;233;3;1;3;1;0
79;52600;76;1;4;2;0;1
80;14650;6;1;5;1;0;0
81;44325;185;1;1;3;1;0
82;16425;7;1;3;4;0;0
83;58000;182;1;4;1;1;1
84;38550;174;2;2;1;0;0
85;25625;35;2;1;1;0;1
86;46400;238;3;5;1;0;1
87;51800;122;2;4;3;1;1
88;29475;99;2;1;4;0;0
89;31500;2;1;5;2;0;0
90;55900;66;2;5;4;1;1
91;35675;159;1;1;2;0;1
92;25225;99;1;1;2;1;0
93;19450;40;3;1;0;0;0
94;53300;82;2;4;2;1;1
95;20875;25;3;4;2;0;0
96;39425;159;1;5;3;0;1
97;36600;114;2;4;0;1;0
98;39025;83;3;5;4;1;0
99;47200;88;2;4;3;1;1
100;35325;193;3;2;0;0;0
101;44500;100;3;4;0;0;1
102;48175;27;2;5;1;1;0
103;47875;155;3;4;4;1;0
104;20475;61;2;1;1;0;0
105;30100;26;1;2;0;0;1
106;19075;45;1;3;0;0;0
107;47900;78;1;4;0;1;1
108;48925;207;2;3;1;0;1
109;46675;19;1;5;0;1;0
110;39800;184;2;2;4;1;0
111;36675;29;2;4;0;0;0
112;53850;106;3;4;3;0;1
113;34900;158;2;3;0;0;0
114;51475;1;1;5;4;0;1
115;30675;17;2;4;0;1;0
116;21250;200;3;1;1;0;0
117;30475;49;2;2;3;0;0
118;50225;129;2;1;4;0;1
119;39600;96;1;2;1;0;1
120;42150;58;2;4;2;1;0
121;32525;171;2;4;3;0;0
122;21550;44;1;4;2;0;0
123;16650;28;3;1;0;0;0
124;38050;232;1;4;0;0;1
125;48900;138;2;4;2;1;0
126;52750;50;2;3;2;0;1
127;34350;164;1;3;4;1;0
128;50025;181;3;4;4;0;1
129;47950;248;2;4;3;1;0
130;32200;28;1;4;2;1;0
131;29525;161;2;1;2;0;1
132;29775;31;3;4;0;0;1
133;43325;163;3;5;4;1;0
134;63450;78;2;4;0;1;1
135;49525;111;2;1;4;0;1
136;65875;37;3;4;3;1;1
137;25175;67;1;1;1;1;0
138;36675;79;3;4;3;1;0
139;39975;201;1;1;2;0;0
140;53425;139;1;4;4;0;1
141;53275;81;1;1;4;1;1
142;50925;49;3;2;0;0;1
143;44825;153;3;3;4;0;0
144;37175;237;3;4;4;1;0
145;26350;116;2;5;2;0;0
146;16675;57;1;1;1;0;0
147;48700;168;2;3;2;0;1
148;46825;93;2;3;2;0;1
149;61575;43;2;5;3;1;1
150;33125;85;3;2;4;0;0
151;26125;225;1;2;0;0;0
152;60600;214;1;1;3;1;1
153;63450;70;2;2;2;1;1
154;66550;244;2;1;4;1;1
155;58325;85;1;1;0;1;1
156;24650;206;1;3;0;0;0
157;52875;137;3;3;1;0;1
158;33425;197;3;4;3;0;0
159;56975;51;1;5;3;0;1
160;48300;152;2;3;4;0;1
161;22175;137;2;5;2;0;0
162;21400;68;3;3;3;0;0
163;36325;233;2;5;0;0;0
164;44625;205;3;4;1;0;1
165;53875;95;3;5;3;1;0
166;17300;22;1;3;0;0;0
167;46500;202;1;5;4;0;0
168;31925;229;1;1;2;0;0
169;51650;226;1;2;0;1;1
170;62775;63;3;5;2;0;1
171;32625;45;1;1;4;0;1
172;35450;210;1;4;2;0;0
173;63800;84;3;2;2;1;1
174;27950;150;1;4;2;0;0
175;50225;11;2;1;0;0;1
176;37750;212;1;4;0;0;0
177;45550;192;3;1;0;1;0
178;56875;195;3;1;4;0;1
179;51050;92;3;2;1;0;1
180;57925;27;1;1;3;1;1
181;59200;108;2;4;4;1;1
182;56675;117;2;4;3;0;1
183;54850;184;3;1;0;0;1
184;36275;61;3;4;1;0;1
185;48175;167;2;5;4;0;1
186;71200;60;3;5;3;1;1
187;35000;162;1;5;3;0;0
188;28525;1;2;3;3;0;1
189;53475;9;3;2;4;0;1
190;50100;4;3;1;3;1;1
191;45825;43;1;4;4;1;0
192;66925;239;2;2;1;1;1
193;42175;187;3;4;4;0;0
194;49825;185;3;5;3;0;1
195;44850;206;3;1;0;0;0
196;39000;100;2;5;1;0;1
197;38050;114;2;5;2;0;0
198;54650;98;1;5;4;1;1
199;25800;124;1;5;1;0;0
200;49200;20;3;1;3;0;1
201;33225;11;2;3;3;0;1
202;56475;71;3;4;3;1;0
203;68500;170;2;5;2;1;1
204;73675;229;2;5;1;1;1
205;44575;15;3;2;3;1;0
206;26425;47;2;4;1;0;0
207;52550;94;1;3;4;1;0
208;49550;142;2;4;4;1;1
209;43325;183;3;5;2;0;1
210;25850;176;2;1;4;0;0
211;35400;228;1;3;3;0;0
212;30350;244;1;2;1;0;1
213;49525;73;1;1;1;0;1
214;47475;159;2;1;4;0;1
215;41850;4;2;4;0;1;0
216;39875;205;2;1;3;0;1
217;43150;228;3;1;2;1;0
218;18025;151;2;3;4;0;0
219;63175;87;1;4;3;1;1
220;39350;156;2;5;1;0;0
221;50850;196;3;3;2;0;1
222;37950;118;3;5;1;0;0
223;51450;58;1;4;0;0;1
224;62375;175;1;1;2;1;1
225;26400;46;2;3;3;0;0
226;42925;249;2;5;2;0;0
227;27000;152;2;1;2;0;0
228;52775;31;2;1;3;1;1
229;23175;9;1;1;4;0;0
230;23950;208;3;1;2;0;0
231;44750;82;1;4;3;0;1
232;57350;234;2;3;4;1;1
233;45275;141;3;2;0;1;1
234;58325;245;3;2;0;1;1
235;36950;148;1;4;1;0;0
236;39275;51;1;4;0;0;1
237;45400;186;2;1;0;0;1
238;60600;76;1;3;3;1;1
239;44750;80;2;4;1;1;0
240;34025;83;3;5;0;0;0
241;38200;68;3;1;2;0;1
242;27825;233;1;1;1;1;0
243;48275;173;3;4;4;1;0
244;40100;4;2;2;2;0;1
245;52400;98;3;5;0;0;1
246;52375;85;1;1;1;1;1
247;48050;192;3;3;3;0;1
248;33225;209;3;2;4;0;0
249;49675;87;1;2;0;0;1
250;41150;248;2;3;4;0;1
251;49150;98;2;2;4;1;0
252;42250;210;1;3;0;1;0
253;67475;101;2;2;2;1;1
254;42275;63;1;5;0;0;0
255;58550;194;2;5;2;0;1
256;50175;217;1;2;0;1;1
257;45275;33;2;1;1;1;1
258;37850;196;2;4;1;0;0
259;53750;102;3;3;0;0;1
260;54025;233;3;2;4;1;0
261;54325;105;2;5;4;1;0
262;32575;43;1;4;2;1;0
263;50750;82;1;3;2;1;0
264;37275;131;3;5;0;1;0
265;55100;146;2;5;1;1;1
266;29900;108;3;3;4;0;0
267;26925;177;3;2;3;0;0
268;50175;187;1;2;4;0;1
269;34825;5;1;1;2;0;0
270;30675;17;1;2;2;0;0
271;27625;135;3;3;2;0;0
272;44700;58;1;2;1;0;1
273;43250;230;2;5;2;1;0
274;26200;28;1;5;2;0;0
275;60600;176;1;4;0;1;1
276;41975;21;2;1;4;0;0
277;38900;196;3;5;0;0;0
278;47025;213;1;5;2;0;1
279;27825;153;1;2;0;0;0
280;59625;97;3;5;3;0;1
281;53425;219;2;5;2;0;1
282;31650;66;1;4;3;0;0
283;38850;74;3;5;2;0;0
284;41075;73;3;4;2;0;1
285;34775;221;2;4;0;0;0
286;23550;212;3;1;4;0;0
287;66175;99;2;1;2;1;1
288;23050;132;3;5;1;0;0
289;42275;151;1;3;1;0;1
290;22650;18;3;4;3;0;0
291;48325;73;3;4;3;1;1
292;59650;228;2;3;4;0;1
293;51975;139;3;2;2;0;1
294;36925;179;1;1;1;0;1
295;31375;25;2;3;1;0;0
296;30950;208;3;3;4;0;0
297;32500;132;2;2;2;0;0
298;45525;171;3;3;0;0;1
299;44425;209;1;4;2;0;1
300;35400;206;1;3;3;0;0
301;37750;222;1;3;4;0;1
302;55825;125;2;4;4;1;0
303;44850;186;3;3;4;0;1
304;21750;130;2;2;0;0;0
305;54050;124;3;5;1;1;0
306;47875;235;3;3;3;0;1
307;53250;142;1;1;2;0;1
308;69200;90;3;4;4;1;1
309;49900;126;1;4;1;0;1
310;37750;110;3;3;3;0;0
311;52200;118;3;5;1;0;1
312;43775;123;2;3;4;0;1
313;49625;247;3;4;4;0;1
314;59525;21;2;2;0;1;1
315;48650;46;2;4;1;1;0
316;23175;187;2;3;3;0;0
317;20950;18;3;4;2;0;0
318;27350;76;2;1;3;0;0
319;60225;231;3;5;4;0;1
320;62400;236;3;1;1;1;1
321;49475;99;1;5;4;0;1
322;38900;216;3;5;1;1;0
323;28250;240;1;3;1;0;0
324;49700;158;2;1;2;0;1
325;47250;100;2;1;4;1;0
326;37050;162;1;3;3;1;0
327;48400;96;3;3;4;0;1
328;31250;160;2;5;0;0;0
329;19975;159;3;1;3;0;0
330;50825;135;2;3;0;0;1
331;34475;131;3;1;0;0;0
332;55975;219;3;5;3;0;1
333;24525;81;2;5;0;0;0
334;37000;180;3;4;3;0;1
335;54500;80;2;2;2;1;1
336;46525;21;3;3;2;0;1
337;31775;141;3;1;2;0;0
338;27700;50;3;5;2;0;0
339;54825;245;1;4;4;1;1
340;29050;94;2;5;2;0;0
341;60650;188;3;2;0;0;1
342;17150;18;1;1;0;0;0
343;42350;246;2;4;1;0;1
344;14425;117;1;2;4;0;0
345;52650;148;1;4;4;1;1
346;32900;58;2;1;4;0;0
347;52325;203;2;2;1;0;1
348;28900;178;3;5;0;0;0
349;66450;180;2;1;1;1;1
350;47850;4;3;4;4;1;0
351;34100;84;1;4;1;0;0
352;49150;28;1;1;2;0;1
353;40100;194;1;5;4;0;0
354;44050;152;2;2;4;0;1
355;39650;46;3;5;4;0;0
356;62325;203;2;1;4;1;1
357;37975;131;3;3;1;0;0
358;35450;48;3;5;1;0;0
359;36475;51;1;4;0;0;1
360;55000;172;1;2;2;1;1
361;38725;159;3;5;4;0;0
362;38075;93;1;1;2;0;1
363;36000;90;1;4;3;0;0
364;50075;113;1;3;0;1;1
365;44075;43;1;1;4;1;0
366;52650;146;1;5;2;0;1
367;38725;141;1;4;0;0;1
368;54675;129;3;5;2;1;1
369;64325;53;3;2;3;1;1
370;52425;49;3;5;3;1;1
371;36925;59;3;2;1;1;0
372;54125;205;1;4;4;0;1
373;26850;64;2;1;2;0;1
374;19900;56;2;3;0;0;0
375;54225;139;2;4;4;0;1
376;37825;165;2;4;2;0;0
377;47375;155;1;4;1;0;1
378;53175;197;3;5;0;0;1
379;58075;13;3;2;1;1;1
380;44575;63;3;2;3;1;0
381;41250;242;1;1;4;0;0
382;40575;115;3;3;0;0;0
383;41700;238;2;3;3;1;0
384;30875;125;2;4;3;0;0
385;50250;210;1;3;3;0;1
386;48700;190;3;2;0;0;1
387;46375;245;1;4;3;1;0
388;46050;182;1;4;0;0;1
389;22450;40;3;3;4;0;0
390;32125;147;2;3;1;0;0
391;23200;170;2;1;3;0;0
392;19975;109;3;2;1;0;0
393;31525;231;3;1;2;1;0
394;44950;148;1;2;3;1;0
395;58425;109;2;5;3;0;1
396;31875;117;3;2;4;0;0
397;46900;186;3;5;4;0;0
398;32375;175;2;3;2;0;0
399;35100;246;2;3;0;0;0
400;50200;130;2;3;4;0;1
401;26625;155;3;4;0;0;0
402;35200;38;2;4;4;0;1
403;27500;50;1;3;0;0;1
404;42800;114;1;1;0;0;1
405;26825;13;2;3;0;0;1
406;41400;26;3;2;3;0;1
407;52125;205;1;4;0;1;1
408;58825;145;2;3;3;1;1
409;33475;159;2;2;1;0;0
410;56225;71;2;4;2;1;1
411;54400;58;2;4;4;0;1
412;44425;9;3;3;0;1;0
413;35325;213;2;2;4;0;0
414;58200;8;2;1;0;1;1
415;32825;55;1;2;3;0;1
416;58900;238;1;4;0;1;1
417;39400;196;2;2;3;0;1
418;50025;83;2;2;4;1;0
419;32125;115;2;4;0;0;0
420;23650;88;2;3;1;0;0
421;33475;49;1;5;2;0;1
422;30200;58;3;1;4;1;0
423;44975;29;3;4;1;1;0
424;56525;3;2;2;0;1;1
425;65600;196;1;1;0;1;1
426;39700;28;3;4;0;0;1
427;34675;107;2;5;0;0;0
428;34750;172;1;1;0;0;0
429;59025;221;3;4;1;0;1
430;51575;243;3;3;0;1;1
431;38250;230;3;1;1;0;0
432;48475;9;3;2;0;0;1
433;45725;219;2;4;1;0;1
434;59050;194;3;4;4;1;1
435;45775;111;3;4;3;0;1
436;27700;28;1;4;1;0;1
437;43475;71;3;1;0;0;1
438;64275;133;1;1;2;1;1
439;43850;54;1;1;0;0;1
440;28950;178;1;4;0;0;0
441;39175;189;2;1;3;1;0
442;36050;74;2;4;3;0;1
443;64150;156;1;5;3;1;1
444;54125;225;2;5;1;1;0
445;15375;235;1;2;1;0;0
446;44900;178;2;4;2;0;1
447;57400;156;1;1;1;1;1
448;20675;87;2;2;0;0;0
449;52350;226;3;1;2;1;0
450;22800;114;1;2;3;0;0
451;42650;126;1;2;1;0;1
452;54150;178;3;4;1;1;0
453;40675;99;2;3;2;1;0
454;35775;193;1;1;3;0;0
455;21275;161;2;5;3;0;0
456;36600;246;3;4;0;0;0
457;36175;77;1;5;1;0;1
458;30725;129;1;5;3;0;0
459;61025;233;1;2;3;0;1
460;47525;83;2;3;2;0;1
461;65775;133;2;3;3;1;1
462;27325;63;1;4;2;0;0
463;25525;233;2;1;4;0;0
464;37775;11;2;2;2;1;0
465;18825;233;2;1;4;0;0
466;55550;4;3;5;2;1;0
467;49100;204;1;5;2;0;1
468;40025;131;1;2;0;0;1
469;31225;71;1;2;4;0;0
470;44150;246;1;5;1;0;1
471;52125;85;3;1;1;0;1
472;30625;187;3;4;3;0;0
473;30700;208;3;1;3;0;0
474;34425;247;3;4;0;1;0
475;57925;189;2;4;4;0;1
476;49625;245;3;4;0;1;0
477;25050;242;1;1;0;0;0
478;35950;18;1;4;1;0;0
479;53200;80;1;2;2;0;1
480;55175;199;2;5;0;0;1
481;62625;105;3;4;2;1;1
482;22325;125;1;2;0;0;0
483;38925;119;3;4;0;1;0
484;42300;94;3;4;2;0;0
485;34950;98;2;3;4;0;0
486;54700;100;3;3;4;0;1
487;38300;172;1;2;1;0;1
488;40550;184;1;3;2;0;0
489;22775;51;2;3;2;0;0
490;21625;35;3;3;4;0;0
491;24850;66;1;5;0;0;0
492;36950;230;1;4;1;0;1
493;27650;236;3;5;4;0;0
494;35700;148;3;2;4;1;0
495;54575;33;1;1;1;1;1
496;35575;13;3;3;1;0;0
497;34375;195;1;1;3;0;1
498;37175;89;3;2;3;0;0
499;66900;178;3;2;1;1;1
500;52700;208;2;2;2;1;1
501;56475;9;3;5;3;0;1
502;43275;191;2;4;3;0;0
503;66050;142;3;5;4;1;1
504;48275;121;3;5;1;1;1
505;39625;67;1;3;3;0;0
506;25300;74;2;3;1;0;0
507;41925;37;1;1;3;0;1
508;33900;26;3;2;2;0;0
509;40550;84;3;1;2;1;0
510;47225;99;2;3;1;1;1
511;22600;24;2;2;0;0;0
512;21625;35;1;2;3;0;0
513;34175;209;2;2;2;0;0
514;52475;11;1;4;1;1;1
515;51275;1;3;1;3;0;1
516;44725;119;1;5;3;0;1
517;34800;102;3;2;3;0;1
518;51775;213;1;1;1;1;0
519;46400;36;2;4;3;1;0
520;37750;190;1;4;1;1;0
521;57850;166;2;1;2;0;1
522;30875;75;2;2;0;1;0
523;41500;192;2;1;3;1;0
524;16825;103;2;2;1;0;0
525;68675;99;2;5;3;1;1
526;35575;33;2;2;1;0;0
527;42525;143;2;5;4;1;0
528;23800;224;1;1;4;0;0
529;33400;186;2;3;1;0;0
530;37525;41;3;4;1;0;0
531;40075;85;1;5;0;1;0
532;47675;149;1;1;4;1;1
533;52675;137;2;4;2;0;1
534;33925;147;2;1;2;0;0
535;55200;18;2;5;0;1;1
536;33775;13;2;5;4;0;0
537;57925;119;2;2;4;1;1
538;26650;118;2;4;4;0;0
539;55900;128;2;4;1;0;1
540;33000;90;2;3;2;0;0
541;51700;30;2;3;0;0;1
542;40875;245;1;3;0;0;0
543;70050;154;3;3;0;1;1
544;34675;197;3;2;4;0;0
545;51250;182;1;2;1;0;1
546;35575;225;3;3;4;0;0
547;39850;134;3;3;2;0;1
548;51750;60;3;4;3;1;1
549;38100;56;1;1;4;0;1
550;32025;91;2;3;2;0;0
551;27325;165;1;1;4;0;0
552;50100;174;3;3;2;0;1
553;18075;63;2;2;0;0;0
554;41400;116;2;1;2;0;1
555;22050;242;2;5;1;0;0
556;46150;136;1;5;3;0;1
557;38675;9;2;1;2;0;1
558;26425;59;2;3;4;0;0
559;30900;136;1;3;3;1;0
560;57875;245;1;4;1;0;1
561;39700;38;1;2;4;0;1
562;64675;139;1;1;2;1;1
563;46600;26;1;3;0;0;1
564;37500;2;1;1;1;0;0
565;29850;194;1;5;4;0;0
566;48350;136;2;1;2;1;1
567;64800;44;3;4;1;1;1
568;38500;10;2;2;2;0;1
569;38300;244;3;3;1;1;0
570;54400;176;2;3;0;0;1
571;51075;243;2;5;3;1;1
572;46000;132;1;5;3;0;0
573;50175;207;1;1;3;0;1
574;26775;231;3;2;3;0;0
575;32650;118;2;1;4;0;0
576;46825;193;2;5;2;0;1
577;35850;196;1;2;4;0;1
578;40300;184;1;2;4;0;1
579;39200;28;3;1;3;1;0
580;47475;189;3;1;1;0;1
581;38000;12;3;2;4;0;1
582;50725;179;3;5;4;0;1
583;61600;96;2;4;0;1;1
584;46925;37;3;1;4;1;0
585;46150;196;2;3;2;0;1
586;53650;208;1;5;2;0;1
587;16650;166;1;1;0;0;0
588;47350;6;1;3;2;0;1
589;36625;7;3;4;2;0;1
590;21750;160;3;4;0;0;0
591;26900;98;2;5;2;0;0
592;52400;246;2;3;3;1;1
593;45325;173;2;2;1;0;1
594;48100;164;3;4;1;1;1
595;36950;30;2;2;2;0;0
596;51475;161;2;3;2;0;1
597;31400;56;1;5;3;1;0
598;40775;243;3;2;3;0;0
599;49675;209;3;4;0;1;0
600;42525;23;3;4;3;0;1
601;38225;29;3;5;3;0;0
602;49975;171;1;1;3;0;1
603;41125;247;2;1;0;0;0
604;35125;57;1;1;1;1;0
605;26950;48;2;5;0;0;0
606;47850;86;3;1;2;1;0
607;36450;128;2;2;4;0;0
608;37175;37;3;2;0;0;1
609;49775;113;1;2;1;0;1
610;42075;183;2;1;1;0;1
611;30500;120;1;4;0;0;0
612;37375;105;2;4;3;0;1
613;50675;39;3;3;3;0;1
614;38400;66;1;3;0;0;1
615;34650;88;2;1;4;0;1
616;35050;214;3;1;4;0;0
617;30150;156;1;4;0;1;0
618;29700;168;2;1;0;0;0
619;35400;88;3;3;1;0;0
620;51200;228;2;1;4;1;1
621;38250;42;2;4;3;0;0
622;47575;83;2;1;1;1;1
623;28500;120;3;5;4;0;0
624;57875;217;3;4;1;0;1
625;50525;83;2;2;3;0;1
626;44800;32;2;4;1;1;0
627;34925;69;3;3;4;0;0
628;28125;67;3;4;4;0;0
629;40775;143;3;5;3;1;0
630;52100;196;2;1;0;1;0
631;40700;88;3;4;4;0;1
632;40975;71;3;1;3;0;1
633;22000;10;2;4;1;0;0
634;32175;87;2;5;0;0;1
635;35400;166;2;2;1;0;0
636;48050;142;3;3;2;1;1
637;16350;4;3;3;3;0;0
638;37425;167;2;2;4;0;0
639;53025;161;2;5;3;0;1
640;38150;236;3;2;1;0;1
641;45100;56;1;4;0;0;1
642;58825;85;3;5;4;1;1
643;23000;90;2;4;0;0;0
644;51400;58;1;1;2;0;1
645;63850;134;2;5;3;1;1
646;32725;249;2;4;3;0;0
647;48675;57;2;3;0;1;1
648;25800;62;3;1;1;0;0
649;57150;118;3;4;2;1;0
650;26225;121;3;2;1;0;0
651;37000;190;1;2;2;1;0
652;30175;249;3;5;1;0;0
653;50450;138;2;2;2;0;1
654;53425;129;1;3;4;1;0
655;45800;214;1;1;4;1;0
656;21900;106;2;1;1;0;0
657;30650;156;1;2;1;1;0
658;43900;228;3;2;3;0;1
659;50950;190;3;2;4;1;0
660;32925;189;1;1;4;0;0
661;43625;37;1;1;2;1;0
662;39500;60;1;2;3;1;0
663;43100;94;1;2;4;1;0
664;30775;11;2;1;1;1;0
665;34850;154;1;2;0;1;0
666;38550;62;2;5;4;0;0
667;53150;96;3;5;0;0;1
668;45950;110;3;4;2;0;1
669;25725;179;1;1;0;1;0
670;32550;64;1;3;0;0;0
671;55575;223;2;5;3;0;1
672;45600;106;3;3;1;0;1
673;40475;149;1;4;1;0;0
674;48025;11;3;4;3;0;1
675;33350;174;2;5;0;0;0
676;42875;155;3;5;3;0;0
677;41250;212;2;3;0;0;1
678;36700;170;3;2;0;0;0
679;55800;172;1;2;3;1;1
680;41350;164;3;3;4;0;0
681;37000;100;1;3;3;1;0
682;41300;2;3;1;2;1;0
683;24275;121;3;2;2;0;0
684;49850;64;1;1;0;1;1
685;50600;86;3;4;4;0;1
686;44750;190;3;4;1;0;0
687;47425;19;1;2;3;0;1
688;45950;48;2;3;1;1;0
689;46325;125;1;1;3;1;1
690;39625;15;3;1;4;1;0
691;51725;81;3;2;1;0;1
692;48800;152;2;4;3;1;1
693;47875;65;3;3;2;0;1
694;44650;138;1;3;0;0;1
695;53375;247;3;2;4;0;1
696;26025;81;2;1;0;0;1
697;29625;105;2;3;2;1;0
698;49875;107;2;4;0;1;1
699;32325;35;2;1;1;1;0
700;27900;206;2;1;1;0;0
701;68700;90;1;4;4;1;1
702;46925;227;1;1;0;0;1
703;54700;100;1;4;1;1;1
704;33950;110;3;1;0;0;0
705;29025;113;1;5;3;0;0
706;39050;72;3;3;1;0;0
707;58050;174;1;2;1;0;1
708;18575;143;2;2;0;0;0
709;26900;118;2;1;3;0;0
710;26850;36;1;5;1;0;0
711;37325;3;3;4;3;1;0
712;45475;59;1;4;0;0;1
713;36450;178;1;1;1;0;0
714;56075;223;3;4;3;1;0
715;32325;225;2;1;0;0;0
716;37250;30;3;3;2;0;1
717;25850;236;2;1;2;0;0
718;38550;82;1;1;0;1;1
719;26650;178;2;1;1;0;0
720;44350;224;1;1;0;0;1
721;67925;89;2;4;4;1;1
722;43225;89;3;4;0;0;1
723;62675;67;3;2;2;1;1
724;36825;25;2;4;1;0;1
725;53925;9;3;5;0;1;1
726;52375;75;1;5;4;0;1
727;27425;157;1;1;4;0;0
728;55450;248;3;4;0;0;1
729;27000;132;3;3;0;0;0
730;53275;241;2;3;3;1;1
731;29400;206;1;1;2;1;0
732;44675;157;2;5;3;0;1
733;48800;234;3;3;0;1;0
734;42200;78;3;4;3;0;0
735;30800;152;1;5;2;0;0
736;69500;42;3;5;1;1;1
737;32625;217;1;4;4;0;0
738;25575;103;3;5;4;0;0
739;33250;200;3;2;2;0;1
740;23000;182;3;4;0;0;0
741;25150;206;2;5;0;0;0
742;43075;155;2;2;4;0;0
743;34800;132;2;2;0;0;1
744;42075;115;3;1;1;0;0
745;40525;1;2;5;2;0;0
746;29900;96;2;4;4;0;0
747;33675;169;3;5;2;0;0
748;41375;127;3;2;1;0;1
749;58775;181;3;3;1;1;1
750;50775;201;2;4;4;1;1
751;51875;177;1;5;2;1;1
752;43625;125;2;5;1;1;0
753;38350;204;1;3;0;0;1
754;51325;5;1;3;4;1;0
755;49025;143;1;2;1;0;1
756;57625;225;1;3;2;1;1
757;56400;78;2;4;0;1;1
758;61275;121;2;3;2;1;1
759;52825;93;3;4;3;1;0
760;36250;120;1;1;0;1;0
761;30650;106;1;2;1;0;1
762;41900;208;3;1;1;1;0
763;54675;139;2;3;3;0;1
764;32675;57;2;5;3;0;1
765;36925;67;3;2;0;0;0
766;41525;53;3;1;2;0;0
767;47125;145;1;1;3;1;1
768;45025;161;3;2;2;0;1
769;36925;207;2;4;2;1;0
770;38075;43;3;2;3;0;1
771;36425;57;3;1;3;1;0
772;43075;73;1;2;3;0;1
773;21225;209;1;3;0;0;0
774;29725;199;3;5;3;0;0
775;62225;51;3;2;1;1;1
776;47850;36;1;2;3;0;1
777;48525;81;3;5;4;0;1
778;23600;134;1;1;1;0;0
779;47100;236;3;4;3;0;0
780;49775;13;3;4;1;0;1
781;48625;195;3;4;2;0;1
782;35050;182;2;1;2;0;0
783;53375;85;3;1;1;0;1
784;46900;66;3;5;4;0;1
785;36975;149;1;1;1;0;0
786;47925;209;2;2;2;0;1
787;37075;43;1;1;2;1;0
788;27850;96;3;1;3;0;0
789;39825;15;2;5;3;0;0
790;45475;239;3;2;0;0;1
791;32750;170;3;1;1;1;0
792;53875;17;3;5;1;1;0
793;53500;160;1;2;0;1;1
794;55575;243;3;4;2;1;0
795;26475;139;1;4;0;0;0
796;54750;50;1;5;3;0;1
797;67250;140;3;5;4;1;1
798;40225;81;3;3;3;0;0
799;49675;19;2;4;4;1;0
800;37975;89;3;1;1;0;1
801;38425;177;2;5;3;0;0
802;39825;125;3;2;1;0;0
803;34575;33;2;1;2;0;1
804;59875;77;3;1;4;0;1
805;29400;8;2;3;2;0;0
806;50200;50;1;3;3;1;1
807;53700;30;1;3;2;1;1
808;64525;141;3;1;2;1;1
809;29200;40;2;4;4;0;0
810;50875;65;1;1;4;0;1
811;28675;87;2;1;3;1;0
812;27325;13;3;2;2;1;0
813;43925;87;1;5;3;1;0
814;48275;201;2;2;4;1;1
815;55200;50;2;3;2;0;1
816;13150;126;1;2;2;0;0
817;53450;110;3;3;4;1;1
818;28175;249;3;2;3;0;0
819;47375;97;2;3;1;0;1
820;51000;150;1;1;0;0;1
821;59925;229;1;5;1;0;1
822;36600;84;2;2;4;0;1
823;33225;19;3;3;4;0;0
824;62925;129;2;4;1;1;1
825;46575;235;2;5;2;1;0
826;29575;153;2;3;3;0;0
827;26025;101;3;4;3;0;0
828;35375;197;2;1;1;0;0
829;51300;232;3;2;0;1;0
830;16575;103;1;1;2;0;0
831;66725;169;3;5;2;1;1
832;28750;152;1;1;2;0;0
833;54700;8;1;1;4;1;1
834;40550;84;2;5;3;0;0
835;41775;241;1;4;2;0;1
836;51300;114;2;4;1;1;0
837;59625;215;3;5;2;1;1
838;65800;224;3;2;3;1;1
839;39200;98;2;4;4;1;0
840;46875;245;2;2;3;0;1
841;37275;203;3;3;4;0;0
842;37925;237;1;5;4;0;0
843;35250;60;3;3;3;0;1
844;54575;203;1;2;1;0;1
845;19150;16;2;1;4;0;0
846;20150;18;1;4;1;0;0
847;31575;233;3;1;2;1;0
848;39125;57;1;4;3;0;1
849;48275;81;1;4;2;1;1
850;32425;69;2;1;3;0;1
851;51900;246;2;5;2;1;1
852;49250;142;3;4;0;1;0
853;47000;190;3;3;2;0;1
854;27650;236;1;1;2;0;0
855;33550;22;3;5;3;0;0
856;50500;130;1;3;3;0;1
857;58550;54;3;5;3;0;1
858;28650;196;1;3;3;0;0
859;39250;180;3;3;4;0;0
860;40825;175;2;3;1;0;0
861;54700;248;3;3;4;1;0
862;36175;229;1;1;0;1;0
863;39075;5;3;2;2;0;1
864;39275;33;3;3;3;0;0
865;59625;7;3;4;1;0;1
866;33075;195;1;3;1;0;0
867;57175;139;1;5;4;0;1
868;55575;53;3;1;4;1;1
869;44775;11;1;3;2;0;1
870;30600;124;1;4;3;1;0
871;14575;33;2;1;0;0;0
872;25600;136;1;3;1;0;0
873;35500;82;2;3;3;0;0
874;28675;17;2;3;4;1;0
875;58275;173;3;3;2;0;1
876;27525;163;1;4;2;0;0
877;41500;220;2;4;3;1;0
878;44400;18;2;4;4;0;0
879;46200;228;2;2;0;0;1
880;67225;111;1;5;0;1;1
881;58400;218;3;1;3;1;1
882;33625;87;3;3;3;0;0
883;52825;75;1;5;0;1;0
884;40400;38;1;4;0;0;0
885;34650;68;1;5;1;1;0
886;48575;195;2;1;0;1;0
887;25875;225;1;3;3;0;0
888;41750;162;1;5;3;1;0
889;18675;47;2;2;3;0;0
890;45300;24;2;1;0;0;1
891;34400;158;3;5;3;0;0
892;50400;178;1;3;0;0;1
893;46650;6;3;5;3;1;1
894;48250;192;1;4;4;0;1
895;19900;36;2;5;2;0;0
896;39925;7;3;2;4;0;0
897;24475;89;2;5;2;0;0
898;24750;80;1;5;3;0;0
899;28775;183;3;4;1;0;0
900;53500;100;3;2;1;0;1
901;36425;137;1;3;0;0;1
902;19475;141;2;2;0;0;0
903;73375;167;2;5;4;1;1
904;64750;142;2;4;3;1;1
905;40125;25;1;4;2;1;0
906;39550;54;3;1;3;0;1
907;51175;59;2;5;0;0;1
908;44200;60;1;2;1;1;1
909;32750;232;3;4;0;0;0
910;53075;23;3;5;1;0;1
911;43400;26;3;5;2;1;0
912;43475;69;1;2;0;0;1
913;55775;213;2;4;4;1;0
914;43700;8;2;1;1;0;1
915;45050;152;2;4;4;1;0
916;63750;202;2;1;0;1;1
917;48000;222;1;3;3;1;0
918;45750;232;1;4;4;0;1
919;34700;30;2;3;4;0;1
920;67125;127;1;1;4;1;1
921;40975;149;2;2;0;0;1
922;49050;244;3;5;4;0;0
923;27625;25;3;1;0;0;0
924;57375;87;1;2;3;0;1
925;41900;26;1;3;3;1;1
926;56225;191;2;1;4;0;1
927;68075;105;3;2;2;1;1
928;29550;62;2;3;2;1;0
929;31250;12;2;5;4;0;0
930;29600;34;2;2;0;0;1
931;53450;110;1;1;4;1;1
932;65675;29;3;4;3;1;1
933;54050;104;2;5;0;0;1
934;40050;44;1;4;4;0;0
935;45350;144;2;2;2;1;1
936;22575;153;1;5;2;0;0
937;47825;243;3;4;1;1;0
938;65100;246;2;4;4;0;1
939;32900;56;2;3;0;0;1
940;30950;50;3;1;4;0;0
941;26325;193;2;4;1;0;0
942;28400;46;1;2;3;0;0
943;54350;26;1;4;3;1;1
944;53325;3;1;1;2;1;1
945;37950;170;1;2;1;0;1
946;45225;29;3;1;0;1;0
947;54725;219;2;5;3;0;1
948;30250;90;1;4;4;1;0
949;45775;113;3;4;1;0;1
950;28075;35;2;4;4;0;0
951;39750;102;1;2;1;0;1
952;42975;151;2;3;0;0;1
953;38875;157;2;1;1;1;0
954;53800;162;1;1;2;1;1
955;48650;168;1;1;0;1;0
956;31675;17;3;1;1;0;1
957;51700;38;3;5;3;0;1
958;46325;193;2;1;3;1;0
959;37725;209;1;1;2;0;0
960;41675;217;3;5;3;0;0
961;34700;228;2;4;4;0;0
962;35400;98;1;5;1;0;0
963;55050;92;3;4;3;0;1
964;27400;128;3;2;4;0;0
965;40600;4;2;5;4;0;1
966;51650;186;3;1;4;0;1
967;28025;91;1;2;4;1;0
968;64075;223;2;3;2;1;1
969;37200;30;3;4;2;0;0
970;56700;238;3;3;4;0;1
971;34875;237;1;4;2;0;0
972;31600;6;2;5;0;0;0
973;44400;248;2;4;4;0;0
974;33975;79;1;3;1;0;0
975;56650;98;3;1;1;0;1
976;49600;124;2;4;1;0;1
977;39325;105;3;4;1;1;0
978;43425;227;3;4;3;0;0
979;35000;110;3;1;1;1;0
980;22375;55;2;5;3;0;0
981;27550;172;2;1;3;0;0
982;34975;159;2;4;2;0;0
983;54325;243;1;4;1;0;1
984;41275;223;1;4;2;0;1
985;63150;188;3;4;0;0;1
986;40825;53;1;5;0;1;0
987;29500;122;2;4;1;0;0
988;54775;113;1;1;4;1;1
989;35725;121;2;3;4;1;0
990;29125;207;2;4;0;0;0
991;46125;55;1;2;3;0;1
992;25850;86;2;2;1;0;0
993;41350;226;1;2;2;1;0
994;46600;36;2;2;1;1;1
995;29150;48;1;5;4;0;0
996;43550;112;2;2;3;0;1
997;56575;185;3;4;4;0;1
998;56075;185;2;3;1;0;1
999;13350;94;1;1;3;0;0
